25.040100 37.502500 3.612284
25.732500 37.502500 3.709646
26.424800 37.502500 3.551204
27.117200 38.887200 3.649497
27.809500 38.887200 3.556477
28.501900 38.887200 3.620423
29.194200 40.271900 3.531644
29.886600 40.271900 3.572053
30.578900 40.271900 3.509155
31.271300 40.271900 3.522119
31.963600 41.656600 3.481093
32.656000 41.656600 3.492122
33.348300 43.041300 3.427023
34.040700 43.041300 3.492232
34.733000 43.041300 3.437189
35.425400 44.426000 3.448065
36.117700 44.426000 3.408055
36.810100 44.426000 3.390937
37.502500 45.810700 3.344072
38.194800 45.810700 3.379935
38.887200 45.810700 3.312751
39.579500 45.810700 3.340851
40.271900 47.195400 3.277420
40.964200 47.195400 3.313076
41.656600 48.580100 3.242224
42.348900 48.580100 3.290259
43.041300 48.580100 3.215331
43.733600 49.964800 3.260805
44.426000 49.964800 3.202554
45.118300 49.964800 3.244180
45.810700 51.349500 3.159286
46.503000 51.349500 3.197341
47.195400 51.349500 3.145373
47.887700 51.349500 3.187993
48.580100 52.734200 3.110243
49.272500 52.734200 3.146095
49.964800 52.734200 3.103624
50.657200 54.118900 3.126341
51.349500 54.118900 3.087489
52.041900 55.503600 3.109473
52.734200 55.503600 3.075208
53.426600 55.503600 3.102861
54.118900 56.888300 3.071330
54.811300 56.888300 3.078048
55.503600 56.888300 3.043353
56.196000 58.273000 3.061110
56.888300 58.273000 3.033774
57.580700 59.657700 3.050629
58.273000 59.657700 3.014207
58.965400 59.657700 3.027622
59.657700 59.657700 2.986392
60.350100 61.042500 3.006127
61.042500 61.042500 2.971131
61.734800 61.042500 2.993532
62.427200 61.042500 2.955095
63.119500 61.042500 3.001418
63.811900 62.427200 2.946216
64.504200 62.427200 2.968310
65.196600 63.811900 2.926420
65.888900 63.811900 2.964187
66.581300 63.811900 2.941991
67.273600 65.196600 2.970426
67.966000 65.196600 2.942966
68.658300 65.196600 2.969342
69.350700 66.581300 2.946384
70.043000 66.581300 2.950642
70.735400 67.966000 2.942291
71.427700 67.966000 2.954702
72.120100 69.350700 2.942752
72.812500 69.350700 2.953285
73.504800 69.350700 2.929280
74.197200 69.350700 2.936158
74.889500 70.735400 2.915127
75.581900 70.735400 2.914029
76.274200 72.120100 2.902596
76.966600 72.120100 2.909015
77.658900 73.504800 2.891110
78.351300 73.504800 2.890148
79.043600 73.504800 2.883237
79.736000 74.889500 2.867078
80.428300 74.889500 2.870135
81.120700 74.889500 2.866492
81.813000 74.889500 2.869713
82.505400 74.889500 2.859750
83.197700 76.274200 2.859475
83.890100 76.274200 2.866751
84.582500 77.658900 2.854285
85.274800 77.658900 2.861227
85.967200 79.043600 2.853185
86.659500 79.043600 2.872644
87.351900 79.043600 2.866885
88.044200 80.428300 2.873218
88.736600 80.428300 2.873307
89.428900 80.428300 2.873897
90.121300 80.428300 2.861427
90.813600 81.813000 2.863899
91.506000 83.197700 2.854716
92.198300 83.197700 2.858402
92.890700 84.582500 2.856828
93.583000 84.582500 2.864599
94.275400 84.582500 2.848196
94.967700 85.967200 2.842034
95.660100 85.967200 2.837279
96.352500 85.967200 2.827563
97.044800 87.351900 2.819855
97.737200 87.351900 2.813687
98.429500 87.351900 2.819912
99.121900 88.736600 2.796116
99.814200 88.736600 2.813689
