25.040100 31.963600 2.728831
25.732500 36.117700 3.525536
26.424800 38.887200 3.542088
27.117200 33.348300 2.797223
27.809500 33.348300 2.672358
28.501900 33.348300 2.782202
29.194200 34.040700 2.670988
29.886600 34.733000 2.758073
30.578900 41.656600 3.433015
31.271300 34.733000 2.745298
31.963600 41.656600 3.481093
32.656000 36.117700 2.709523
33.348300 43.041300 3.427023
34.040700 37.502500 2.725695
34.733000 37.502500 2.639539
35.425400 37.502500 2.751147
36.117700 38.887200 2.678503
36.810100 38.887200 2.775955
37.502500 38.887200 2.672787
38.194800 38.887200 2.839955
38.887200 40.271900 2.696438
39.579500 40.271900 2.827083
40.271900 40.271900 2.693247
40.964200 41.656600 2.794010
41.656600 41.656600 2.682101
42.348900 43.041300 2.784865
43.041300 41.656600 2.699046
43.733600 43.041300 2.767119
44.426000 43.041300 2.692251
45.118300 44.426000 2.743219
45.810700 43.041300 2.681310
46.503000 44.426000 2.708004
47.195400 44.426000 2.664808
47.887700 44.426000 2.695574
48.580100 45.810700 2.637267
49.272500 45.810700 2.680287
49.964800 45.810700 2.644503
50.657200 47.195400 2.679195
51.349500 47.195400 2.646214
52.041900 48.580100 2.693625
52.734200 48.580100 2.661164
53.426600 48.580100 2.712345
54.118900 49.964800 2.670194
54.811300 49.964800 2.717213
55.503600 49.964800 2.689935
56.196000 51.349500 2.728072
56.888300 51.349500 2.700507
57.580700 51.349500 2.745851
58.273000 52.734200 2.710088
58.965400 52.734200 2.751130
59.657700 54.118900 2.714538
60.350100 54.118900 2.737169
61.042500 54.118900 2.692793
61.734800 54.118900 2.743196
62.427200 55.503600 2.692038
63.119500 55.503600 2.732826
63.811900 56.888300 2.705881
64.504200 56.888300 2.723678
65.196600 56.888300 2.698471
65.888900 58.273000 2.730826
66.581300 58.273000 2.717591
67.273600 58.273000 2.738171
67.966000 58.273000 2.741726
68.658300 59.657700 2.757436
69.350700 59.657700 2.742294
70.043000 61.042500 2.756444
70.735400 61.042500 2.741271
71.427700 61.042500 2.741982
72.120100 62.427200 2.743073
72.812500 62.427200 2.736879
73.504800 63.811900 2.751299
74.197200 63.811900 2.741209
74.889500 63.811900 2.749595
75.581900 65.196600 2.728609
76.274200 65.196600 2.733821
76.966600 65.196600 2.738746
77.658900 66.581300 2.733492
78.351300 66.581300 2.744081
79.043600 67.966000 2.735486
79.736000 67.966000 2.729303
80.428300 67.966000 2.739917
81.120700 69.350700 2.724802
81.813000 70.735400 2.730916
82.505400 70.735400 2.725511
83.197700 70.735400 2.719342
83.890100 72.120100 2.724323
84.582500 70.735400 2.734999
85.274800 72.120100 2.734081
85.967200 73.504800 2.739226
86.659500 72.120100 2.752658
87.351900 73.504800 2.764181
88.044200 70.735400 2.764165
88.736600 74.889500 2.772135
89.428900 72.120100 2.771683
90.121300 77.658900 2.776755
90.813600 73.504800 2.767528
91.506000 74.889500 2.774935
92.198300 74.889500 2.765496
92.890700 74.889500 2.754436
93.583000 76.274200 2.759472
94.275400 76.274200 2.751027
94.967700 77.658900 2.728387
95.660100 77.658900 2.734268
96.352500 77.658900 2.726063
97.044800 77.658900 2.724135
97.737200 77.658900 2.721645
98.429500 79.043600 2.715411
99.121900 80.428300 2.720872
99.814200 80.428300 2.722043
